wp_camscan_pos: (0.055668491948991025, -0.5564994408951534, -0.08150869494341745, 0.29173569854442066, -1.9691452619485772, -1.9631221663273448)
wp_approach_pickup: (4.165284636099243, 3.967309336139688, 1.063860097506497, 0.6143518686294556, -4.1326398849487305, -10.228209495544434)
wp_pickup: (-2.43530713631358e-18, -20.37429549271156, -26.055663930994044, -4.62443288744048, 0.014444307435431934, 0.0)
wp_approach_place: (-0.5822938124286097, -1.3992627302752894, 1.7505531311035156, -1.9894331137286585, -1.5869553724872034, -0.7160523573504847)
wp_place: (0.0, 0.0, 5.474e-321, 712.928, -0.5822699705706995, -1.3992388884173792)
